rutile 6
oxidation_states Ti=+4 O=-2
Ti       0.0000000000      0.0000000000      0.0000000000                 
Ti       0.5000000000      0.5000000000      0.5000000000                 
O        0.3053000000      0.3053000000      0.0000000000                 
O        0.6947000000      0.6947000000      0.0000000000                 
O        0.1947000000      0.8053000000      0.5000000000                 
O        0.8053000000      0.1947000000      0.5000000000                 
4.59373   0.00000   0.00000
0.00000   4.59373   0.00000
0.00000   0.00000   2.95812
